0.3500173091888428
0.044638872146606445
0.04976367950439453
0.029963254928588867
0.031622886657714844
0.046518802642822266
0.03576064109802246
0.03999733924865723
0.034662485122680664
0.03693509101867676
0.03487348556518555
0.03978419303894043
0.029483556747436523
0.041658639907836914
0.026782751083374023
0.03329014778137207
0.04627060890197754
0.02470707893371582
0.03177833557128906
0.033446550369262695
0.02858448028564453
0.02997565269470215
0.03833293914794922
0.03551936149597168
0.03308558464050293
0.043805599212646484
0.03100109100341797
0.03829550743103027
0.04000568389892578
0.030231475830078125
0.035767555236816406
0.02492499351501465
0.02581024169921875
0.03724265098571777
0.03379559516906738
0.025214195251464844
0.028347492218017578
0.04032588005065918
0.03882575035095215
0.0399014949798584
0.03784918785095215
0.04532217979431152
0.03731226921081543
0.03899955749511719
0.04523038864135742
0.05185985565185547
0.04091954231262207
0.03580880165100098
0.04686903953552246
0.03951716423034668
0.039377450942993164
0.038053274154663086
0.039923906326293945
0.032959938049316406
0.03023695945739746
0.024686813354492188
0.031659603118896484
0.03775191307067871
0.038366079330444336
0.031223058700561523
0.029584646224975586
0.041974782943725586
0.039730072021484375
0.03518080711364746
0.03156542778015137
0.0293424129486084
0.03664278984069824
0.031028032302856445
0.037274837493896484
0.033997535705566406
0.0250093936920166
0.04215526580810547
0.034538984298706055
0.023499727249145508
0.030165910720825195
0.034934282302856445
0.0245363712310791
0.02414679527282715
0.042002201080322266
0.03594255447387695
0.034967660903930664
0.029921531677246094
0.05550837516784668
0.03532671928405762
0.030797958374023438
0.026068449020385742
0.029309511184692383
0.032511234283447266
0.03350329399108887
0.03345370292663574
0.025443077087402344
0.03695201873779297
0.02490544319152832
0.02913808822631836
0.028417587280273438
0.03244948387145996
0.03370237350463867
0.04096817970275879
0.03457951545715332
0.024631738662719727
0.03510856628417969
0.024800777435302734
0.027759552001953125
0.04014253616333008
0.03468203544616699
0.029739856719970703
0.03184962272644043
0.03459763526916504
0.03886532783508301
0.024316072463989258
0.02449488639831543
0.034712791442871094
0.03975272178649902
0.030919551849365234
0.026825428009033203
0.02486133575439453
0.04263019561767578
0.0359952449798584
0.04066109657287598
0.02984309196472168
0.03311634063720703
0.026724815368652344
0.029439449310302734
0.03013443946838379
0.03523397445678711
0.0322260856628418
0.029483556747436523
0.030012130737304688
0.029582738876342773
0.03058600425720215
0.03861665725708008
0.04522514343261719
0.030651092529296875
0.036614179611206055
0.04228639602661133
0.023379087448120117
0.025061845779418945
0.024821043014526367
0.029357433319091797
0.03799796104431152
0.04474472999572754
0.031069517135620117
0.034006357192993164
0.03494858741760254
0.028780460357666016
0.029862403869628906
0.03536033630371094
0.030337810516357422
0.030502796173095703
0.024176597595214844
0.029369115829467773
0.04076719284057617
0.034731388092041016
0.024970054626464844
0.027667760848999023
0.024749755859375
0.03711652755737305
0.03035902976989746
0.025096893310546875
0.024838924407958984
0.03705096244812012
0.03929257392883301
0.0367131233215332
0.034897565841674805
0.030092477798461914
0.04060029983520508
0.025654315948486328
0.04175162315368652
0.030020475387573242
0.030081987380981445
0.03907656669616699
0.02968907356262207
0.035846710205078125
0.033585309982299805
0.029206275939941406
0.026636600494384766
0.02464008331298828
0.028507709503173828
0.032216787338256836
0.032929182052612305
0.03001999855041504
0.03665757179260254
0.04538083076477051
0.0401308536529541
0.04040217399597168
0.023558855056762695
0.02998805046081543
0.03555774688720703
0.029639720916748047
0.04033780097961426
0.03376913070678711
0.03434467315673828
0.02490067481994629
0.03007984161376953
0.035440921783447266
0.033345699310302734
0.02382826805114746
0.02782440185546875
0.03970956802368164
0.03548932075500488
0.02879500389099121
0.029479265213012695
0.03205513954162598
0.03941035270690918
0.029416322708129883
0.04541730880737305
0.024268627166748047
0.03547954559326172
0.024227619171142578
0.02461981773376465
0.030184268951416016
0.029336929321289062
0.03400301933288574
0.03768420219421387
0.029190778732299805
0.025005340576171875
0.033902883529663086
0.03523874282836914
0.030397653579711914
0.029985427856445312
0.02569437026977539
0.0430757999420166
0.03920149803161621
0.02467203140258789
0.0251467227935791
0.025475502014160156
0.03419971466064453
0.027187347412109375
0.024562835693359375
0.02489304542541504
0.030492544174194336
0.024208784103393555
0.026546001434326172
0.03537440299987793
0.041413307189941406
0.030431747436523438
0.03186202049255371
0.030307531356811523
0.04016709327697754
0.024367094039916992
0.030599117279052734
0.027844667434692383
0.026003360748291016
0.03280830383300781
0.0333714485168457
0.030217885971069336
0.024535417556762695
0.029659509658813477
0.03134417533874512
0.03300833702087402
0.02903294563293457
0.029923439025878906
0.023499250411987305
0.025504350662231445
0.03542923927307129
0.025295257568359375
0.03096294403076172
0.04023146629333496
0.03578948974609375
0.04183030128479004
0.03859376907348633
0.030028581619262695
0.03713345527648926
0.03531670570373535
0.030458450317382812
0.040703773498535156
0.04478907585144043
0.030664920806884766
0.045525312423706055
0.02622509002685547
0.03261518478393555
0.034804344177246094
0.03878951072692871
0.024502277374267578
0.03668093681335449
0.042092323303222656
0.024915218353271484
0.03435802459716797
0.024468421936035156
0.02574920654296875
0.04415535926818848
0.034154653549194336
0.029462099075317383
0.029259443283081055
0.028875112533569336
0.030449390411376953
0.033324241638183594
0.025188207626342773
0.02980947494506836
0.03457498550415039
0.031133413314819336
0.03564572334289551
0.034357309341430664
0.04858255386352539
0.04145455360412598
0.036972761154174805
0.03627896308898926
0.029944658279418945
0.025069475173950195
0.03579902648925781
0.039296627044677734
0.034093379974365234
0.034729957580566406
0.04403233528137207
0.02465081214904785
0.02970743179321289
0.030061006546020508
0.03880119323730469
0.03455638885498047
0.02947068214416504
0.0325162410736084
0.04403972625732422
0.03256702423095703
0.024932384490966797
0.025024890899658203
0.02453446388244629
0.042197227478027344
0.04570889472961426
0.026644468307495117
0.029929399490356445
0.024468421936035156
0.025080204010009766
0.029943227767944336
0.034377098083496094
0.0349879264831543
0.029462337493896484
0.03006577491760254
0.031592607498168945
0.039945125579833984
0.029670000076293945
0.02996659278869629
0.024051904678344727
0.024831056594848633
0.03696441650390625
0.028043508529663086
0.032473087310791016
0.03157401084899902
0.03473949432373047
0.031384944915771484
0.042984962463378906
0.0311124324798584
0.03230476379394531
0.024789810180664062
0.024659156799316406
0.030357837677001953
0.02296590805053711
0.036261558532714844
0.027292966842651367
0.02429795265197754
0.02594470977783203
0.04071354866027832
0.03854489326477051
0.04442954063415527
0.02832937240600586
0.033907175064086914
0.03159475326538086
0.03493905067443848
0.03194880485534668
0.03648662567138672
0.0263826847076416
0.025979042053222656
0.03231954574584961
0.025619029998779297
0.029828786849975586
0.03486776351928711
0.04004669189453125
0.034095048904418945
0.03504824638366699
0.02967977523803711
0.037780046463012695
0.03963303565979004
0.033370018005371094
0.038393259048461914
0.0294344425201416
0.03452301025390625
0.03522515296936035
0.03226900100708008
0.03461337089538574
0.02939128875732422
0.03274369239807129
0.0357816219329834
0.02639007568359375
0.03592634201049805
0.039562225341796875
0.029862165451049805
0.03950977325439453
0.036837100982666016
0.024847030639648438
0.02881789207458496
0.024938344955444336
0.02430272102355957
0.047753095626831055
0.03504633903503418
0.03363990783691406
0.02941441535949707
0.044300079345703125
0.038706302642822266
0.026454448699951172
0.023653745651245117
0.03496217727661133
0.02325892448425293
0.037012338638305664
0.024701595306396484
0.03393411636352539
0.029436826705932617
0.024391651153564453
0.03419208526611328
0.03258061408996582
0.04146432876586914
0.03508257865905762
0.03601336479187012
0.03395867347717285
0.03163599967956543
0.034516334533691406
0.04541373252868652
0.03893566131591797
0.03195667266845703
0.03570222854614258
0.034009456634521484
0.03595709800720215
0.03505825996398926
0.03287076950073242
0.03723406791687012
0.0475921630859375
0.034531593322753906
0.03862881660461426
0.033303260803222656
0.039203643798828125
0.02487325668334961
0.039112091064453125
0.036871910095214844
0.030032634735107422
0.034223079681396484
0.03453350067138672
0.02980494499206543
0.024222373962402344
0.029463768005371094
0.03844738006591797
0.04440426826477051
0.039913177490234375
0.04433894157409668
0.0349421501159668
0.030391931533813477
0.039096832275390625
0.03476071357727051
0.023897171020507812
0.03559708595275879
0.04194140434265137
0.03678083419799805
0.031055212020874023
0.029897212982177734
0.03599739074707031
0.024843215942382812
0.03897833824157715
0.023165464401245117
0.030035972595214844
0.03474092483520508
0.03478503227233887
0.03244614601135254
0.035619258880615234
0.030241966247558594
0.02293992042541504
0.034913063049316406
0.024571895599365234
0.03943920135498047
0.04073643684387207
0.03223252296447754
0.03449201583862305
0.03982901573181152
0.03467559814453125
0.04116654396057129
0.024623870849609375
0.033699989318847656
0.024393796920776367
0.024714946746826172
0.028344392776489258
0.029797792434692383
0.030556917190551758
0.030840396881103516
0.02963876724243164
0.024675846099853516
0.03171491622924805
0.026894569396972656
0.030436277389526367
0.033252716064453125
0.0273897647857666
0.031061410903930664
0.032594919204711914
0.03833937644958496
0.025239229202270508
0.03165102005004883
0.044451236724853516
0.03533196449279785
0.029468059539794922
0.023990869522094727
0.04456949234008789
0.03711438179016113
0.030859708786010742
0.024010896682739258
0.03021407127380371
0.02886223793029785
0.03799796104431152
0.0338892936706543
0.03984785079956055
0.024683237075805664
0.025403499603271484
0.02855968475341797
0.03716087341308594
0.04114890098571777
0.028768539428710938
0.02933216094970703
0.029900550842285156
0.040567636489868164
0.04000210762023926
0.031607866287231445
0.03926396369934082
0.03609752655029297
0.029988527297973633
0.02436661720275879
0.03000330924987793
0.029414653778076172
0.03215599060058594
0.036496639251708984
0.03159761428833008
0.03330707550048828
0.034894704818725586
0.029142379760742188
0.04287409782409668
0.029059410095214844
0.024569034576416016
0.03425455093383789
0.02571249008178711
0.030756473541259766
0.0351102352142334
0.029712677001953125
0.03701210021972656
0.03417634963989258
0.03625369071960449
0.0371251106262207
0.03917264938354492
0.029382944107055664
0.02986001968383789
0.02455306053161621
0.03173255920410156
0.031074047088623047
0.024706363677978516
0.02489161491394043
0.032315731048583984
0.03128981590270996
0.04645848274230957
0.0391538143157959
0.02922344207763672
0.02478194236755371
0.02588963508605957
0.04238438606262207
0.03815913200378418
0.02397465705871582
0.024686098098754883
0.03610110282897949
0.036041259765625
0.0299832820892334
0.02556443214416504
0.035805463790893555
0.024191856384277344
0.03386354446411133
0.03806257247924805
0.03842520713806152
0.029749393463134766
0.028522253036499023
0.03677773475646973
0.03519868850708008
0.03230595588684082
0.02423405647277832
0.034401655197143555
0.029977083206176758
0.038072824478149414
0.03706836700439453
0.024515151977539062
0.029078960418701172
0.024232149124145508
0.02461719512939453
0.03606677055358887
0.04412555694580078
0.024388551712036133
0.03187704086303711
0.03795766830444336
0.02662968635559082
0.03011465072631836
0.037583351135253906
0.03181958198547363
0.029224395751953125
0.04176187515258789
0.03652238845825195
0.02923750877380371
0.026767253875732422
0.04363131523132324
0.03628706932067871
0.03542971611022949
0.024619102478027344
0.03148150444030762
0.027498483657836914
0.03215503692626953
0.030067920684814453
0.03478240966796875
0.025190114974975586
0.04068183898925781
0.03497648239135742
0.04228496551513672
0.03760218620300293
0.024555444717407227
0.0335087776184082
0.039818763732910156
0.03541445732116699
0.039746761322021484
0.02921748161315918
0.024706125259399414
0.04039621353149414
0.0408625602722168
0.03646659851074219
0.0305788516998291
0.04037594795227051
0.03387260437011719
0.04232954978942871
0.036679744720458984
0.0294034481048584
0.030458688735961914
0.036656856536865234
0.03535294532775879
0.034186601638793945
0.029790878295898438
0.03443551063537598
0.045160770416259766
0.033844947814941406
0.03234457969665527
0.0406949520111084
0.04216146469116211
0.025062084197998047
0.03021979331970215
0.02214789390563965
0.03513288497924805
0.02956366539001465
0.027840375900268555
0.037351369857788086
0.03281879425048828
0.036652326583862305
0.034294843673706055
0.04023170471191406
0.02489304542541504
0.04588484764099121
0.03954291343688965
0.03294992446899414
0.04680156707763672
0.03461885452270508
0.03189706802368164
0.03889894485473633
0.03928089141845703
0.035781145095825195
0.0315251350402832
0.03638601303100586
0.030284643173217773
0.04086756706237793
0.029086828231811523
0.02555084228515625
0.0347445011138916
0.03731083869934082
0.03703188896179199
0.038109540939331055
0.03397321701049805
0.02882862091064453
0.03943014144897461
0.024721384048461914
0.03641200065612793
0.030171632766723633
0.039659738540649414
0.02397608757019043
0.02501821517944336
0.026926755905151367
0.03656125068664551
0.035833120346069336
0.03410649299621582
0.03516960144042969
0.03174591064453125
0.03415203094482422
0.03154492378234863
0.02445507049560547
0.03366398811340332
0.026006221771240234
0.04188728332519531
0.029959678649902344
0.02906012535095215
0.02530646324157715
0.03922915458679199
0.03951454162597656
0.028084993362426758
0.02848505973815918
0.028496265411376953
0.029129505157470703
0.030697345733642578
0.03411984443664551
0.032041311264038086
0.02493119239807129
0.03447842597961426
0.033287763595581055
0.03165292739868164
0.026179790496826172
0.025148391723632812
0.034867048263549805
0.03555727005004883
0.04226326942443848
0.031685829162597656
0.02529168128967285
0.024425745010375977
0.033901214599609375
0.03150653839111328
0.0410466194152832
0.04064297676086426
0.03318905830383301
0.03628110885620117
0.02365398406982422
0.02856159210205078
0.024921655654907227
0.024529218673706055
0.031189441680908203
0.02428269386291504
0.02387714385986328
0.04060220718383789
0.02934432029724121
0.039206743240356445
0.03484463691711426
0.03439736366271973
0.031754493713378906
0.03415250778198242
0.04202127456665039
0.030569791793823242
0.02874279022216797
0.031967878341674805
0.035143375396728516
0.024121522903442383
0.03924965858459473
0.02771782875061035
0.026944875717163086
0.033538103103637695
0.039954423904418945
0.04013943672180176
0.03506803512573242
0.03409147262573242
0.04135847091674805
0.04048585891723633
0.039441823959350586
0.034249067306518555
0.04549217224121094
0.03613090515136719
0.03285360336303711
0.032915592193603516
0.03490090370178223
0.04483675956726074
0.037331342697143555
0.025516986846923828
0.02505660057067871
0.030742406845092773
0.03153729438781738
0.03057241439819336
0.04917025566101074
0.031856536865234375
0.03969144821166992
0.04246401786804199
0.03133726119995117
0.0359342098236084
0.02356863021850586
0.03341841697692871
0.03180265426635742
0.04490160942077637
0.0312504768371582
0.02407217025756836
0.0241854190826416
0.025905370712280273
0.035083770751953125
0.03747749328613281
0.029703378677368164
0.02936530113220215
0.029906272888183594
0.03300833702087402
0.024621963500976562
0.032392263412475586
0.03500533103942871
0.029769182205200195
0.037396907806396484
0.03733968734741211
0.029605627059936523
0.0245664119720459
0.034810781478881836
0.024511337280273438
0.040697336196899414
0.03157329559326172
0.02264547348022461
0.031025171279907227
0.035762786865234375
0.04315924644470215
0.026436567306518555
0.036669254302978516
0.043343305587768555
0.02593994140625
0.026582717895507812
0.025264978408813477
0.029290199279785156
0.034650325775146484
0.025957107543945312
0.029847383499145508
0.02969050407409668
0.035264015197753906
0.029572248458862305
0.024761199951171875
0.03403639793395996
0.04333925247192383
0.030055761337280273
0.024801015853881836
0.03989982604980469
0.028140544891357422
0.04775381088256836
0.025854110717773438
0.035155534744262695
0.030513763427734375
0.03427934646606445
0.0316309928894043
0.03706932067871094
0.03964114189147949
0.0233762264251709
0.03341078758239746
0.04284954071044922
0.03174877166748047
0.03523969650268555
0.033941030502319336
0.03391718864440918
0.03685641288757324
0.03225207328796387
0.0329587459564209
0.04056835174560547
0.029906272888183594
0.040335655212402344
0.029039859771728516
0.03731584548950195
0.03256034851074219
0.030507802963256836
0.04093503952026367
0.029486656188964844
0.0370640754699707
0.032938241958618164
0.029732942581176758
0.03944730758666992
0.03057384490966797
0.03671979904174805
0.04267120361328125
0.033804893493652344
0.03372383117675781
0.0249025821685791
0.029855728149414062
0.04193234443664551
0.03889727592468262
0.0454859733581543
0.036806344985961914
0.0384371280670166
0.024496793746948242
0.0356595516204834
0.029484272003173828
0.030408143997192383
0.023210525512695312
0.03942394256591797
0.03670382499694824
0.03635740280151367
0.02936100959777832
0.029682636260986328
0.02986001968383789
0.030063390731811523
0.03236842155456543
0.0358889102935791
0.044815778732299805
0.0372004508972168
0.04217791557312012
0.03465390205383301
0.041423797607421875
0.028346538543701172
0.034255266189575195
0.03275132179260254
0.036914825439453125
0.03281116485595703
0.036856651306152344
0.03524947166442871
0.02476191520690918
0.037105560302734375
0.02925276756286621
0.028762340545654297
0.028935670852661133
0.028517484664916992
0.037160634994506836
0.03873276710510254
0.050133705139160156
0.024502992630004883
0.029890775680541992
0.03482532501220703
0.029416322708129883
0.03459525108337402
0.027106285095214844
0.036722660064697266
0.028946399688720703
0.0404810905456543
0.02373361587524414
0.03624749183654785
0.03119063377380371
0.03339552879333496
0.04292011260986328
0.041562557220458984
0.0391387939453125
0.03163266181945801
0.0300137996673584
0.029569149017333984
0.029625654220581055
0.03791999816894531
0.023819923400878906
0.03299522399902344
0.029399394989013672
0.03514456748962402
0.02906656265258789
0.04023337364196777
0.025733232498168945
0.03603696823120117
0.028671979904174805
0.027065038681030273
0.03045034408569336
0.03607368469238281
0.028974533081054688
0.024248600006103516
0.03229784965515137
0.03776860237121582
0.03325605392456055
0.027663230895996094
0.029519081115722656
0.03941631317138672
0.03550982475280762
0.030495166778564453
0.029236555099487305
0.031172752380371094
0.029769420623779297
0.03479576110839844
0.03531384468078613
0.03543877601623535
0.028787851333618164
0.04005289077758789
0.0409550666809082
0.03286099433898926
0.028206586837768555
0.03988170623779297
0.039952754974365234
0.035556793212890625
0.03045058250427246
0.029983043670654297
0.029802560806274414
0.03830981254577637
0.03769683837890625
0.030104875564575195
0.03516745567321777
0.028745412826538086
0.03238058090209961
0.039571285247802734
0.027616500854492188
0.03187227249145508
0.04199981689453125
0.029276132583618164
0.029790163040161133
0.03202629089355469
0.030269384384155273
0.03528094291687012
0.030493736267089844
0.039780378341674805
0.03921151161193848
0.042406320571899414
0.03025078773498535
0.024587631225585938
0.045510053634643555
0.03719663619995117
0.034107208251953125
0.02924346923828125
0.03648018836975098
0.024619340896606445
0.03324079513549805
0.02991652488708496
0.029584884643554688
0.024280309677124023
0.02944207191467285
0.02646923065185547
0.0301053524017334
0.03562307357788086
0.04275035858154297
0.036141395568847656
0.029918909072875977
0.0428469181060791
0.033008575439453125
0.03418278694152832
0.03980088233947754
0.02468085289001465
0.03848528861999512
平均：0.03339035630226135