0.04282784461975098
0.039185523986816406
0.03395557403564453
0.03955960273742676
0.0359196662902832
0.02867889404296875
0.03953695297241211
0.029021501541137695
0.04134368896484375
0.03571033477783203
0.03217768669128418
0.03753542900085449
0.05085563659667969
0.03545498847961426
0.02418231964111328
0.03618121147155762
0.026226043701171875
0.028846025466918945
0.03397250175476074
0.025258779525756836
0.037131547927856445
0.02814316749572754
0.04365038871765137
0.030122756958007812
0.03543281555175781
0.02907109260559082
0.03531789779663086
0.030271053314208984
0.0359959602355957
0.031196117401123047
0.03043222427368164
0.029097795486450195
0.0289762020111084
0.03768634796142578
0.03006458282470703
0.029525279998779297
0.024502038955688477
0.024574756622314453
0.0394899845123291
0.030140399932861328
0.03553414344787598
0.02458500862121582
0.028426647186279297
0.024387598037719727
0.030160903930664062
0.029813766479492188
0.0317230224609375
0.029965877532958984
0.03298521041870117
0.03976249694824219
0.026967525482177734
0.0420682430267334
0.04017829895019531
0.02938365936279297
0.032065629959106445
0.028923511505126953
0.031125783920288086
0.03603672981262207
0.029653072357177734
0.03938412666320801
0.02608633041381836
0.0314030647277832
0.04294443130493164
0.03026437759399414
0.04285430908203125
0.04769396781921387
0.04167437553405762
0.024410247802734375
0.03646707534790039
0.03021717071533203
0.04217696189880371
0.03393125534057617
0.024164915084838867
0.024227380752563477
0.02693915367126465
0.028624296188354492
0.040085554122924805
0.025203704833984375
0.025048255920410156
0.024315834045410156
0.026720762252807617
0.030207157135009766
0.031751394271850586
0.02545952796936035
0.02950263023376465
0.024309158325195312
0.03078913688659668
0.036969661712646484
0.03783106803894043
0.025181055068969727
0.024587631225585938
0.026088476181030273
0.0352168083190918
0.03171229362487793
0.029976367950439453
0.023277997970581055
0.04214954376220703
0.0272824764251709
0.0369114875793457
0.044389963150024414
0.0294039249420166
0.0271298885345459
0.026690244674682617
0.042855262756347656
0.025161027908325195
0.02823472023010254
0.03942990303039551
0.024216651916503906
0.02942657470703125
0.03448629379272461
0.03014969825744629
0.02437758445739746
0.02854633331298828
0.03334927558898926
0.04034543037414551
0.03389549255371094
0.03812670707702637
0.024118423461914062
0.04773426055908203
0.045615434646606445
0.0347902774810791
0.03562116622924805
0.033921003341674805
0.030721426010131836
0.038314104080200195
0.039302825927734375
0.02434396743774414
0.02337336540222168
0.026604890823364258
0.039711952209472656
0.03476119041442871
0.035218238830566406
0.033856868743896484
0.03754854202270508
0.029399633407592773
0.03905653953552246
0.035695552825927734
0.036562442779541016
0.03419947624206543
0.04050183296203613
0.031484365463256836
0.036188602447509766
0.03308296203613281
0.037474870681762695
0.026190519332885742
0.025198698043823242
0.029133081436157227
0.03611135482788086
0.035288333892822266
0.03354907035827637
0.036014556884765625
0.023015260696411133
0.030739784240722656
0.029726743698120117
0.03004932403564453
0.03763318061828613
0.040636301040649414
0.029998779296875
0.03714299201965332
0.024161815643310547
0.029572486877441406
0.03614020347595215
0.02436542510986328
0.03619241714477539
0.035971879959106445
0.04614710807800293
0.03229093551635742
0.03457975387573242
0.025523900985717773
0.028495311737060547
0.04194450378417969
0.04656624794006348
0.03838825225830078
0.030654191970825195
0.025697946548461914
0.04486536979675293
0.027851104736328125
0.03824281692504883
0.02477717399597168
0.02681565284729004
0.029510498046875
0.032709360122680664
0.030233383178710938
0.0329442024230957
0.025037288665771484
0.03647136688232422
0.03006887435913086
0.04094719886779785
0.028620004653930664
0.034119367599487305
0.029906034469604492
0.03139090538024902
0.024235963821411133
0.026256561279296875
0.035166025161743164
0.030303239822387695
0.02967691421508789
0.03663969039916992
0.03695940971374512
0.031639814376831055
0.029071569442749023
0.02994394302368164
0.035561323165893555
0.03954148292541504
0.029479026794433594
0.03239917755126953
0.03866386413574219
0.0326848030090332
0.04526519775390625
0.030161380767822266
0.03836870193481445
0.024315357208251953
0.028217792510986328
0.03350973129272461
0.03265261650085449
0.03362846374511719
0.02402973175048828
0.024824857711791992
0.03706240653991699
0.03220033645629883
0.03687024116516113
0.02896881103515625
0.02535247802734375
0.037818193435668945
0.0373234748840332
0.03279232978820801
0.02999591827392578
0.026256561279296875
0.03467106819152832
0.034960269927978516
0.03612065315246582
0.028337955474853516
0.024089574813842773
0.02470254898071289
0.030207157135009766
0.039392948150634766
0.03722739219665527
0.02442646026611328
0.041474103927612305
0.034543514251708984
0.038355112075805664
0.03432464599609375
0.03345918655395508
0.035687923431396484
0.024099349975585938
0.029628515243530273
0.03508734703063965
0.032276153564453125
0.03634929656982422
0.027846097946166992
0.03266310691833496
0.031780242919921875
0.02439093589782715
0.028789520263671875
0.026714563369750977
0.0343017578125
0.04259347915649414
0.028188705444335938
0.03345990180969238
0.025270462036132812
0.029163599014282227
0.034487247467041016
0.02806997299194336
0.03016972541809082
0.03494095802307129
0.03600788116455078
0.022823572158813477
0.03218650817871094
0.03436088562011719
0.030228376388549805
0.027493715286254883
0.04134249687194824
0.04049420356750488
0.03459453582763672
0.03397250175476074
0.0296018123626709
0.04961991310119629
0.03683924674987793
0.0345461368560791
0.03668045997619629
0.03483700752258301
0.034752607345581055
0.02993321418762207
0.03577709197998047
0.02964615821838379
0.027688264846801758
0.02316451072692871
0.04790806770324707
0.034354448318481445
0.023886680603027344
0.04286980628967285
0.04144430160522461
0.03762984275817871
0.0302731990814209
0.0245816707611084
0.03286552429199219
0.031275272369384766
0.03729581832885742
0.029993295669555664
0.02967977523803711
0.03174114227294922
0.03189420700073242
0.024659395217895508
0.03162217140197754
0.030030250549316406
0.025282859802246094
0.027084827423095703
0.042489051818847656
0.029939889907836914
0.03342938423156738
0.03568148612976074
0.035239458084106445
0.028495073318481445
0.030160188674926758
0.03351759910583496
0.029934167861938477
0.031058549880981445
0.040296077728271484
0.03192138671875
0.03416085243225098
0.0404963493347168
0.025330305099487305
0.02998971939086914
0.038239479064941406
0.03618621826171875
0.036312103271484375
0.034912109375
0.026261329650878906
0.04147148132324219
0.03247380256652832
0.03517913818359375
0.030855178833007812
0.038092851638793945
0.029738903045654297
0.03691983222961426
0.044438838958740234
0.025362491607666016
0.04180026054382324
0.04344773292541504
0.044115304946899414
0.031025171279907227
0.03244662284851074
0.03570723533630371
0.045754194259643555
0.04292631149291992
0.02486395835876465
0.02718639373779297
0.03140425682067871
0.045187950134277344
0.03652644157409668
0.029992341995239258
0.03580427169799805
0.03582119941711426
0.039812326431274414
0.029851198196411133
0.02493739128112793
0.040280818939208984
0.0352320671081543
0.03212404251098633
0.04061174392700195
0.02689838409423828
0.029982328414916992
0.024142026901245117
0.024405717849731445
0.036309242248535156
0.029855966567993164
0.03023362159729004
0.03585004806518555
0.03576183319091797
0.042911529541015625
0.04537510871887207
0.03202462196350098
0.024249792098999023
0.03491854667663574
0.03679680824279785
0.03970146179199219
0.037615299224853516
0.023860931396484375
0.03670144081115723
0.03533124923706055
0.025166988372802734
0.03757500648498535
0.03500652313232422
0.032244205474853516
0.03880119323730469
0.03678774833679199
0.03580522537231445
0.025300025939941406
0.03772282600402832
0.033556222915649414
0.029745817184448242
0.03522348403930664
0.025096416473388672
0.034934043884277344
0.045946598052978516
0.03191542625427246
0.03376460075378418
0.02756333351135254
0.039574623107910156
0.029082298278808594
0.023966073989868164
0.03798627853393555
0.024540185928344727
0.03967165946960449
0.037839651107788086
0.04061436653137207
0.03393435478210449
0.039819955825805664
0.042641401290893555
0.03493380546569824
0.035106658935546875
0.03174304962158203
0.02899789810180664
0.03503680229187012
0.02991771697998047
0.03603982925415039
0.024795055389404297
0.02855682373046875
0.040329694747924805
0.030073881149291992
0.03047776222229004
0.03692007064819336
0.04336190223693848
0.03818011283874512
0.026142358779907227
0.0374760627746582
0.039083003997802734
0.03029012680053711
0.024126291275024414
0.03442049026489258
0.027550697326660156
0.0481724739074707
0.029980897903442383
0.02840900421142578
0.028875112533569336
0.031047344207763672
0.03270888328552246
0.03271150588989258
0.0385439395904541
0.030426740646362305
0.03704953193664551
0.03992772102355957
0.040322303771972656
0.03685498237609863
0.03459763526916504
0.03653407096862793
0.05325818061828613
0.03749513626098633
0.03874349594116211
0.03005194664001465
0.03312420845031738
0.042533159255981445
0.022388696670532227
0.029018640518188477
0.023980140686035156
0.03200864791870117
0.03581714630126953
0.02522110939025879
0.03974795341491699
0.03650021553039551
0.03037095069885254
0.026492595672607422
0.03636741638183594
0.03477001190185547
0.02989673614501953
0.039476871490478516
0.035678863525390625
0.030284643173217773
0.04066133499145508
0.028949499130249023
0.0342555046081543
0.045264482498168945
0.02996373176574707
0.03458452224731445
0.03229117393493652
0.03218197822570801
0.033962249755859375
0.03631138801574707
0.03851008415222168
0.03760504722595215
0.030994415283203125
0.0352630615234375
0.03148388862609863
0.04689383506774902
0.03445696830749512
0.033354759216308594
0.03152751922607422
0.04140162467956543
0.023345470428466797
0.03452777862548828
0.02970290184020996
0.04032492637634277
0.043975830078125
0.03861427307128906
0.04346728324890137
0.039748191833496094
0.03942084312438965
0.03542304039001465
0.042478322982788086
0.02947854995727539
0.029526233673095703
0.04454946517944336
0.03501415252685547
0.03147459030151367
0.035746097564697266
0.03528785705566406
0.03218412399291992
0.03210306167602539
0.03746819496154785
0.030811548233032227
0.02709174156188965
0.03163790702819824
0.040592193603515625
0.025016307830810547
0.03631258010864258
0.026179790496826172
0.047261714935302734
0.03490471839904785
0.03573250770568848
0.023198366165161133
0.027816295623779297
0.033547401428222656
0.039046287536621094
0.034499168395996094
0.03884601593017578
0.03608202934265137
0.0350189208984375
0.040192365646362305
0.03785967826843262
0.0354151725769043
0.03604316711425781
0.03282046318054199
0.042154788970947266
0.0434415340423584
0.03352165222167969
0.02943110466003418
0.036542415618896484
0.04096841812133789
0.03862428665161133
0.024277210235595703
0.02436661720275879
0.03955864906311035
0.03445291519165039
0.02960348129272461
0.04241442680358887
0.03333878517150879
0.032230377197265625
0.0391840934753418
0.033507585525512695
0.028431415557861328
0.034685373306274414
0.039961814880371094
0.03184771537780762
0.028557300567626953
0.02391815185546875
0.02392435073852539
0.02414250373840332
0.038565635681152344
0.03341364860534668
0.035006046295166016
0.03919839859008789
0.033490896224975586
0.03405904769897461
0.04653310775756836
0.036780595779418945
0.031082630157470703
0.03543543815612793
0.024023771286010742
0.03250694274902344
0.029689788818359375
0.04129910469055176
0.02833080291748047
0.03888702392578125
0.03619551658630371
0.03592658042907715
0.02440643310546875
0.027904033660888672
0.031481027603149414
0.04613327980041504
0.03781843185424805
0.025946378707885742
0.029610872268676758
0.03861260414123535
0.03665900230407715
0.0315098762512207
0.038548946380615234
0.024255990982055664
0.025039196014404297
0.041971683502197266
0.03901505470275879
0.03680849075317383
0.024518489837646484
0.040596723556518555
0.026654481887817383
0.03157210350036621
0.0448451042175293
0.02459406852722168
0.023512840270996094
0.04048562049865723
0.04068422317504883
0.04190468788146973
0.03182840347290039
0.03509092330932617
0.024457216262817383
0.03710508346557617
0.032434701919555664
0.03964400291442871
0.02412581443786621
0.028812408447265625
0.037670135498046875
0.03408455848693848
0.03206682205200195
0.033492326736450195
0.03410077095031738
0.03201723098754883
0.03533315658569336
0.02688288688659668
0.03112506866455078
0.02934098243713379
0.028865575790405273
0.04271435737609863
0.031406402587890625
0.038527727127075195
0.02490520477294922
0.0315399169921875
0.026573657989501953
0.03673362731933594
0.03176999092102051
0.04011392593383789
0.023117542266845703
0.02797222137451172
0.04015779495239258
0.03397011756896973
0.02453446388244629
0.02499675750732422
0.03669261932373047
0.02950310707092285
0.027765750885009766
0.03727078437805176
0.030695676803588867
0.0350191593170166
0.030245542526245117
0.037425994873046875
0.04397392272949219
0.02441573143005371
0.03275704383850098
0.02319645881652832
0.04155898094177246
0.03594350814819336
0.028775691986083984
0.03583550453186035
0.039017438888549805
0.030428409576416016
0.0313260555267334
0.03862905502319336
0.02873992919921875
0.03496885299682617
0.025505781173706055
0.03165268898010254
0.03506875038146973
0.036679744720458984
0.03018784523010254
0.03772306442260742
0.03152608871459961
0.031624794006347656
0.0329744815826416
0.03387951850891113
0.0459136962890625
0.028211593627929688
0.0256192684173584
0.03527641296386719
0.046953678131103516
0.044261932373046875
0.032599449157714844
0.028280019760131836
0.030924320220947266
0.03285694122314453
0.04045224189758301
0.02718210220336914
0.03278350830078125
0.03505587577819824
0.029839754104614258
0.030852317810058594
0.036535024642944336
0.03783845901489258
0.03505277633666992
0.03184080123901367
0.029621124267578125
0.031655311584472656
0.03295111656188965
0.046846866607666016
0.024540424346923828
0.03242206573486328
0.0367131233215332
0.03338146209716797
0.03484773635864258
0.028273344039916992
0.0377655029296875
0.03563284873962402
0.029932498931884766
0.03945589065551758
0.024412155151367188
0.03698372840881348
0.035923004150390625
0.04216742515563965
0.030544281005859375
0.02492523193359375
0.03592371940612793
0.037322998046875
0.029654264450073242
0.03529787063598633
0.03578019142150879
0.02823042869567871
0.04001045227050781
0.03727269172668457
0.03267025947570801
0.02406597137451172
0.036559104919433594
0.03893423080444336
0.030698299407958984
0.03526782989501953
0.04005742073059082
0.03749656677246094
0.035811662673950195
0.03292512893676758
0.023398876190185547
0.03377866744995117
0.034940481185913086
0.024170875549316406
0.03815340995788574
0.04060649871826172
0.0366978645324707
0.04306674003601074
0.024770498275756836
0.024498701095581055
0.04950690269470215
0.032123565673828125
0.026085376739501953
0.040465593338012695
0.028805255889892578
0.035871028900146484
0.031215429306030273
0.028668880462646484
0.034616947174072266
0.039008140563964844
0.030792713165283203
0.043256282806396484
0.029683351516723633
0.03410077095031738
0.04104948043823242
0.03589439392089844
0.034575700759887695
0.0298922061920166
0.038301944732666016
0.030463218688964844
0.031496286392211914
0.03650331497192383
0.028162240982055664
0.042199134826660156
0.03259587287902832
0.024948596954345703
0.03618431091308594
0.03476119041442871
0.029052257537841797
0.03580665588378906
0.045609235763549805
0.022356748580932617
0.030082225799560547
0.03258800506591797
0.035288095474243164
0.029057979583740234
0.028003215789794922
0.045462608337402344
0.030205249786376953
0.03627276420593262
0.032141685485839844
0.03253889083862305
0.04027819633483887
0.03660225868225098
0.0248870849609375
0.024213075637817383
0.02966141700744629
0.040552616119384766
0.04357624053955078
0.04038596153259277
0.030904054641723633
0.029846906661987305
0.04715156555175781
0.037482261657714844
0.037027835845947266
0.0347750186920166
0.03504157066345215
0.029605388641357422
0.024075984954833984
0.0344541072845459
0.04013776779174805
0.0366060733795166
0.03557252883911133
0.03924989700317383
0.03520798683166504
0.030481338500976562
0.024352550506591797
0.038375139236450195
0.03723025321960449
0.04075479507446289
0.034740447998046875
0.03337264060974121
0.034064292907714844
0.029506206512451172
0.0349879264831543
0.03498578071594238
0.04356980323791504
0.040802955627441406
0.031923770904541016
0.03009629249572754
0.0242612361907959
0.03506803512573242
0.02885127067565918
0.03646969795227051
0.02577829360961914
0.02473139762878418
0.023520708084106445
0.0364227294921875
0.035308122634887695
0.029860734939575195
0.03853321075439453
0.029276132583618164
0.025968074798583984
0.03198599815368652
0.0360720157623291
0.038247108459472656
0.03408169746398926
0.03454422950744629
0.03486323356628418
0.03867173194885254
0.029787302017211914
0.025008201599121094
0.030279159545898438
0.03544497489929199
0.040993452072143555
0.024686813354492188
0.023747920989990234
0.03110957145690918
0.03524923324584961
0.03297591209411621
0.034871816635131836
0.03565239906311035
0.034342288970947266
0.026317834854125977
0.027470827102661133
0.03593015670776367
0.03191328048706055
0.03453707695007324
0.035581350326538086
0.027873754501342773
0.034587860107421875
0.0298616886138916
0.03545546531677246
0.030076026916503906
0.032973527908325195
0.04653525352478027
0.04004836082458496
0.03433084487915039
0.03447699546813965
0.030034303665161133
0.03664374351501465
0.029672861099243164
0.029985666275024414
0.030118703842163086
0.024082183837890625
0.03710794448852539
0.0352017879486084
0.03296804428100586
0.03018474578857422
0.03004908561706543
0.04091644287109375
0.038362741470336914
0.03928685188293457
0.02988123893737793
0.03963971138000488
0.026059627532958984
0.032054901123046875
0.034868717193603516
0.030739307403564453
0.024112939834594727
0.030423641204833984
0.03492140769958496
0.04248309135437012
0.02487635612487793
0.024919986724853516
0.03189349174499512
0.04125523567199707
0.034819841384887695
0.037699222564697266
0.04018688201904297
0.0351715087890625
0.034958839416503906
0.031488656997680664
0.03410935401916504
0.04058265686035156
0.03537893295288086
0.03368878364562988
0.039360761642456055
0.03585696220397949
0.0238649845123291
0.02971816062927246
0.02373051643371582
0.0401914119720459
0.038535356521606445
0.03357267379760742
0.03009319305419922
0.039490461349487305
0.031028032302856445
0.03625202178955078
0.02990889549255371
0.030148983001708984
0.04111933708190918
0.04026222229003906
0.028576374053955078
0.029827117919921875
0.04049038887023926
0.03493762016296387
0.028855085372924805
0.03593921661376953
0.036165714263916016
0.040105342864990234
0.03227591514587402
0.027861356735229492
0.03572201728820801
0.041962623596191406
0.03258514404296875
0.03473305702209473
0.036867618560791016
0.030148744583129883
0.030701398849487305
0.030206680297851562
0.03984475135803223
0.04087185859680176
0.03423714637756348
0.03958606719970703
0.0408329963684082
0.02907586097717285
0.029753446578979492
0.03725385665893555
0.030309438705444336
0.029184579849243164
0.03479170799255371
0.028034687042236328
0.03590726852416992
0.051390886306762695
0.02625894546508789
0.030434370040893555
0.024422407150268555
0.0407407283782959
0.03398489952087402
0.033161163330078125
0.03817939758300781
0.03369641304016113
0.023561716079711914
0.037209510803222656
0.03723502159118652
0.023956298828125
0.041791439056396484
0.025817155838012695
0.02544856071472168
0.03482365608215332
0.030942916870117188
0.03628110885620117
0.03582477569580078
0.023562908172607422
0.04639577865600586
0.029907941818237305
0.029814958572387695
0.03320932388305664
0.034903526306152344
0.04290962219238281
0.031795501708984375
0.03372764587402344
0.024834871292114258
0.03073740005493164
0.04130959510803223
0.04463028907775879
0.02933335304260254
0.03153061866760254
0.03480863571166992
0.0459284782409668
0.03612089157104492
0.04051566123962402
0.0422062873840332
0.034323930740356445
0.04081249237060547
0.02735161781311035
0.028571605682373047
0.03825068473815918
0.03744006156921387
0.030719518661499023
0.02861762046813965
0.02416086196899414
0.03513622283935547
0.0334935188293457
平均：0.03349520087242126