3.532
5.62
3.452
4.112
5.342
4.534
3.298
5.631
5.462
6.421
3.996
3.542
4.932
3.342
4.563
4.371
5.876
4.153
5.749
3.795
3.805
4.076
5.656
6.923
5.048669
44
506
435
589
99
688
800
117
471
264
682
456
656
663
520
655
397
510
685
221
326
581
141
461
238
142
140
558
301
69
220
520
539
33
797
195
196
206
142
398
273
173
449
356
276
309
226
202
150
38
45
104
44
82
225
178
231
7
5
223
117
38
997
222
79
98
253
90
160
215
796
331
148
22
93
82
320
1271
543
644
470
583
582
555
226
537
526
588
230
625
19
808
713
12
721
613
93
585
547
624
516
598
480
524
228
582
536
495
645
572
470
237
670
512
512
543
434
450
551
542
565
1038
380
476
703
366
557
468
62
252
641
545
97
771
194
259
575
635
432
716
462
471
553
490
1380
456
519
782
527
594
670
227
486
462
350
448
555
524
555
454
411
484
429
595
548
188
491
563
203
465
57
692
656
575
647
420
514
600
570
472
553
538
514
600
422
410
667
564
547
452
346
430
30
528
349
379
518
64
380
691
109
508
548
302
359
446
480
451
620
388
612
431
363
537
397
508
511
402
29192
34052
41662
42011
43596
57772
57099
70001
501
512
533
555
573
1216
432
221
353
441
414
553
415
643
639
81
532
570
580
594
590
614
498
124
518
433
362
622
415
452
462
463
384
688
549
407
483
124
556
347
690
436
619
576
105
255
83
192
151
148
209
183
763
160
70
1081
710
521
29
7
60
2
174
39
228
9
414
99
716
143
266
99
63
198
7
608
21
333
825
226
18
640
25
188
35
213
533
465
1115
324
456
152
582
221
464
769
86
788
136
737
189
462
577
555
635
623
331
202
608
170
152
354
613
225
471
331
400
126
414
659
435
622
390
356
537
1283
426
523
504
367
548
546
500
472
571
392
468
455
402
567
419
504
369
497
546
192
416
377
508
375
502
559
427
395
543
4
50
374
401
420
545
791
492
278
527
462
549
463
437
633
399
458
441
478
372
540
386
647
270
386
415
663
636
407
449
570
452
673
398
666
431
518
493
252
410
372
511
451
535
6
525
15
344
413
483
475
537
364
557
348
457
242
68
507
249
400
211
507
435
373
443
605
400
557
374
48
564
499
392
577
674
58
512
432
374
373
658
519
506
424
912
556
541
534
476
400
387
412
446
506
352
405
102
500
202
151
492
442
63
452
434
504
86
473
222
459
411
553
404
403
463
452
568
563
424
42
540
484
457
487
31
361
488
480
480
187
562
405
514
389
388
427
416
89
450
380
176
546
580
435
465
769
83
580
583
433
474
538
457
126
565
507
630
610
623
377
416
513
476
447
565
451
455
649768
511
285
194
463
272
364
390
419
452
514
442
468
461
450
431
568
352
449
514
456
428
452
481
393
524
415
389
252
336
406
385
446
453
542
203
404
410
16
454
552
218
67
1000
393
506
530
379
287
466
403
442
507
676
544
551
467
468
166
506
453
449
377
509
538
503
512
313
563
571
417
442
470
463
507
414
541
383
496
450
516
230
131
502
510
461
523
563
482
447
490
63
483
495
421
362
252
2010
216
77
29
12
514
618
143
316
322
386
441
233
237
238
192
