0.11949968338012695
0.04232907295227051
0.02811121940612793
0.01241159439086914
0.09624242782592773
0.034140586853027344
0.0191190242767334
0.01153254508972168
0.06147336959838867
0.013936758041381836
0.014973640441894531
0.01160573959350586
0.012602567672729492
0.6774806976318359
0.4655289649963379
0.01861119270324707
0.08492326736450195
0.015107870101928711
0.16985607147216797
0.31046342849731445
0.012939453125
0.2800016403198242
0.07010889053344727
0.028641223907470703
0.08631300926208496
0.07198786735534668
0.016303539276123047
0.012568235397338867
0.024178504943847656
0.021917104721069336
0.07606005668640137
0.08737611770629883
0.08001232147216797
0.10610079765319824
0.00873565673828125
0.10009360313415527
0.1621096134185791
0.01920604705810547
0.26993775367736816
0.09691357612609863
0.12701845169067383
0.0951688289642334
0.031821489334106445
0.18585968017578125
0.06918215751647949
0.026887178421020508
0.10861492156982422
0.3996701240539551
0.35932111740112305
0.013450145721435547
0.02730703353881836
0.029085397720336914
0.026784658432006836
0.020032644271850586
0.08212113380432129
0.05916142463684082
0.013559103012084961
0.04316115379333496
0.24434518814086914
0.03140878677368164
0.026144981384277344
0.04512643814086914
0.06504297256469727
0.01387333869934082
0.21169352531433105
0.07190537452697754
0.03248929977416992
0.034049272537231445
0.022568702697753906
0.09033203125
0.060362815856933594
0.08586287498474121
0.05754446983337402
0.019306182861328125
0.07455945014953613
0.0675809383392334
0.014972925186157227
0.015006780624389648
0.01617598533630371
0.0852956771850586
0.11705279350280762
0.011026859283447266
0.01401829719543457
0.4404904842376709
0.17502689361572266
0.053777456283569336
0.014084100723266602
0.018363475799560547
0.04470324516296387
0.17931079864501953
0.008765220642089844
0.048431396484375
0.019905805587768555
0.01165628433227539
0.07672739028930664
0.09952783584594727
0.01706242561340332
0.08875632286071777
0.03441762924194336
0.020258188247680664
0.06344485282897949
0.23271560668945312
0.015388250350952148
0.04076695442199707
0.07759690284729004
0.0366363525390625
0.013909339904785156
0.009681224822998047
0.01774120330810547
0.022161245346069336
0.05797529220581055
0.013858795166015625
0.11025428771972656
0.01581597328186035
0.2086646556854248
0.08345508575439453
1.4537928104400635
0.06929492950439453
0.06780004501342773
0.05301547050476074
0.06844067573547363
0.20731759071350098
0.07919788360595703
0.22714710235595703
0.11794352531433105
0.03600788116455078
0.03187084197998047
0.06183981895446777
0.1181180477142334
0.04105353355407715
0.0377812385559082
0.052634239196777344
0.12766623497009277
0.052332401275634766
0.027225017547607422
0.11202502250671387
0.06868767738342285
0.0654745101928711
0.018491029739379883
0.039170265197753906
0.09726905822753906
0.31232285499572754
0.11281824111938477
0.10437393188476562
0.25464701652526855
0.09268331527709961
0.035672903060913086
0.08454608917236328
0.1019127368927002
0.016308069229125977
0.47033071517944336
0.038605690002441406
0.025568723678588867
0.020614147186279297
0.056559085845947266
0.016388893127441406
0.013446807861328125
0.07806634902954102
0.5197899341583252
0.12592697143554688
0.18137454986572266
0.018866300582885742
0.054773807525634766
0.20625615119934082
0.02653813362121582
0.09477114677429199
0.019467592239379883
0.0464777946472168
0.05071759223937988
0.014900922775268555
0.014174699783325195
0.03029942512512207
0.1299457550048828
0.035883188247680664
0.02071857452392578
0.055181026458740234
0.02452993392944336
0.3283553123474121
0.023633956909179688
0.06400704383850098
0.025478839874267578
0.026015043258666992
0.07667946815490723
0.012755393981933594
0.08487057685852051
0.021430015563964844
0.027133941650390625
0.08691215515136719
0.22247648239135742
0.013461828231811523
0.12316632270812988
0.09992051124572754
0.010986089706420898
0.06207609176635742
0.014695405960083008
0.009784936904907227
0.6061148643493652
0.18715167045593262
0.02587437629699707
0.009886741638183594
0.1359255313873291
0.10532832145690918
0.03391385078430176
0.06679010391235352
0.05750727653503418
0.10873198509216309
0.2163069248199463
0.0199582576751709
0.06102752685546875
0.10721254348754883
0.571746826171875
0.10806012153625488
0.22084331512451172
0.0736231803894043
0.0717628002166748
0.20197367668151855
0.43526363372802734
0.1175239086151123
0.3930628299713135
0.0711829662322998
0.08881020545959473
0.025952816009521484
0.09810519218444824
0.16327452659606934
0.3404722213745117
0.02496170997619629
0.010360956192016602
0.11437153816223145
0.021402597427368164
0.013779401779174805
0.0194699764251709
0.05743265151977539
0.051392316818237305
0.011286020278930664
0.303483247756958
0.04738616943359375
0.011710643768310547
0.008002758026123047
0.010159492492675781
0.2946326732635498
0.010360002517700195
0.054421186447143555
0.020772218704223633
0.010729074478149414
0.10319304466247559
0.05595827102661133
0.1472787857055664
0.08188819885253906
0.028145551681518555
0.05263161659240723
0.07634210586547852
0.04873347282409668
0.026819944381713867
0.1415109634399414
0.05739569664001465
0.056165218353271484
0.026938199996948242
0.03143024444580078
0.14318561553955078
0.03714251518249512
0.009656667709350586
0.16285991668701172
0.07284760475158691
0.015039920806884766
0.016301631927490234
0.009914875030517578
0.03256344795227051
0.033457279205322266
0.03429722785949707
0.07253551483154297
0.02100968360900879
0.02245497703552246
0.2387247085571289
0.026688098907470703
0.02665543556213379
0.028107643127441406
0.01596355438232422
0.028619766235351562
0.0264127254486084
0.0173184871673584
0.023177385330200195
0.11980724334716797
0.5202410221099854
0.11098337173461914
2.0088465213775635
0.054128408432006836
0.13866567611694336
0.24091768264770508
0.3123178482055664
0.5527002811431885
0.5308504104614258
2.746919631958008
0.019992351531982422
0.11383891105651855
0.012405633926391602
0.30104994773864746
0.7311620712280273
0.43799757957458496
0.4714818000793457
0.21160125732421875
0.162247896194458
0.34967875480651855
0.1217043399810791
0.10303950309753418
0.04789113998413086
0.12386012077331543
0.0566256046295166
0.06833624839782715
0.09057998657226562
0.06396341323852539
0.0561976432800293
0.25231194496154785
0.014497756958007812
0.056122541427612305
0.05608344078063965
0.2340691089630127
0.11350512504577637
0.01719212532043457
0.24338030815124512
0.7005231380462646
0.08543848991394043
0.10520291328430176
0.08509278297424316
0.04319620132446289
0.06174111366271973
0.06629514694213867
0.05072164535522461
0.015520572662353516
0.20254850387573242
0.06207990646362305
0.03725385665893555
0.0585479736328125
0.10536527633666992
0.06908893585205078
0.03704476356506348
0.05997180938720703
0.046041011810302734
0.12263846397399902
0.04197525978088379
0.1496891975402832
0.015462636947631836
0.11980533599853516
0.029927730560302734
0.06867027282714844
0.08476591110229492
0.06544923782348633
0.014763593673706055
0.016932964324951172
0.1591644287109375
0.034262895584106445
0.023534536361694336
0.023609161376953125
0.08473801612854004
0.019192934036254883
0.050984859466552734
0.01197361946105957
0.01055455207824707
0.0969233512878418
0.5398294925689697
0.3526346683502197
0.18445634841918945
0.014577627182006836
0.23989367485046387
0.036393165588378906
0.012235641479492188
0.1100761890411377
0.020211219787597656
0.34459829330444336
0.18442797660827637
0.3023865222930908
0.013232946395874023
0.013543128967285156
0.01172947883605957
0.21872591972351074
0.21883630752563477
0.3181581497192383
0.07208251953125
0.09404277801513672
0.09058523178100586
0.04798555374145508
0.05103468894958496
0.061997413635253906
0.2737276554107666
0.3125650882720947
0.17635560035705566
0.0511326789855957
0.1956181526184082
0.07702851295471191
0.06229114532470703
0.2195906639099121
0.0444340705871582
0.2388906478881836
0.05524253845214844
0.07425856590270996
0.016709327697753906
0.06011319160461426
0.13395166397094727
0.022058486938476562
0.03938436508178711
0.08100509643554688
0.1492750644683838
1.253904104232788
0.061841726303100586
0.20230388641357422
0.010580778121948242
0.049009084701538086
0.07710003852844238
0.04158830642700195
0.025461435317993164
0.1284313201904297
0.0972602367401123
0.057798147201538086
0.024908065795898438
0.11385250091552734
0.050047874450683594
0.04221510887145996
0.06947207450866699
0.03573799133300781
0.08619832992553711
0.14840221405029297
0.15640664100646973
0.14660882949829102
0.0630960464477539
0.13731813430786133
0.12006545066833496
0.05846548080444336
0.1376948356628418
0.24855709075927734
0.07363748550415039
0.3065829277038574
0.2721736431121826
0.11635994911193848
0.22522521018981934
0.10097098350524902
0.04693293571472168
0.09622669219970703
0.07571601867675781
0.0547947883605957
0.031150102615356445
0.209855318069458
0.015152692794799805
0.05027627944946289
0.009624958038330078
0.10976529121398926
0.0627436637878418
0.046530961990356445
0.15379834175109863
0.016361236572265625
0.058455467224121094
0.0184476375579834
0.2017524242401123
0.0872335433959961
0.044878482818603516
0.023387432098388672
0.06061053276062012
0.11490845680236816
0.1765766143798828
0.07602119445800781
0.04528999328613281
0.09105324745178223
0.05712127685546875
0.08855795860290527
0.12112903594970703
0.020893573760986328
0.1536579132080078
0.051405906677246094
0.09404444694519043
0.008530378341674805
0.7638113498687744
0.03539681434631348
0.06167769432067871
0.042664527893066406
0.026311874389648438
0.028715848922729492
0.01785135269165039
0.058786869049072266
0.07411932945251465
0.11739063262939453
0.3651556968688965
0.2797069549560547
0.03776288032531738
0.039963722229003906
0.28670334815979004
0.016309261322021484
0.1161503791809082
1.2141611576080322
0.08098649978637695
0.03371405601501465
0.027016401290893555
0.033663034439086914
0.06866168975830078
0.05926775932312012
0.06033611297607422
0.0646982192993164
0.008214473724365234
0.026394128799438477
0.781207799911499
0.013566255569458008
0.175004243850708
0.009899139404296875
0.07876014709472656
0.1285862922668457
0.023906230926513672
0.0633699893951416
0.1313924789428711
0.13020563125610352
0.010001182556152344
0.342517614364624
0.26573657989501953
0.6065096855163574
0.23978924751281738
0.10584878921508789
0.5437767505645752
0.3783550262451172
0.07849001884460449
0.20089006423950195
0.014598369598388672
0.0974879264831543
0.09089279174804688
0.04279327392578125
0.18169164657592773
0.10362386703491211
0.03926682472229004
0.01751542091369629
0.0161440372467041
0.10357904434204102
0.010905981063842773
0.20822405815124512
0.01151275634765625
0.06956863403320312
0.21706819534301758
0.4479994773864746
0.04045367240905762
0.07208704948425293
0.3880274295806885
0.13838505744934082
0.040433645248413086
0.13564729690551758
0.20943307876586914
0.10336565971374512
0.09759116172790527
0.08450007438659668
0.2635459899902344
0.11464500427246094
0.09511661529541016
0.06471705436706543
0.08395648002624512
0.09797215461730957
0.22020602226257324
0.023856639862060547
0.07084393501281738
0.17749762535095215
0.04540109634399414
0.09053397178649902
0.08400750160217285
0.035617828369140625
0.11677193641662598
0.0563664436340332
0.5779976844787598
0.17771577835083008
0.016913652420043945
0.07431554794311523
0.12767338752746582
0.08045649528503418
0.22285079956054688
0.20534133911132812
0.22341489791870117
0.5948672294616699
0.09414911270141602
0.013466835021972656
0.17063236236572266
0.09841299057006836
0.09179449081420898
0.0870356559753418
0.07626795768737793
0.05898404121398926
0.19115614891052246
0.09021282196044922
0.10110712051391602
0.2198491096496582
0.04848051071166992
0.07451844215393066
0.4882009029388428
0.09801125526428223
0.08929157257080078
0.5123772621154785
0.056943416595458984
0.16633081436157227
0.10780096054077148
0.06666707992553711
0.2031095027923584
0.11103391647338867
0.11857938766479492
0.4815795421600342
0.10248398780822754
0.11628150939941406
0.07307147979736328
0.07972550392150879
0.13276338577270508
0.18010735511779785
0.2757911682128906
0.17248082160949707
0.06829833984375
0.08141613006591797
0.011426687240600586
0.08839273452758789
0.31859588623046875
0.041286468505859375
0.08134698867797852
0.08914494514465332
0.02967977523803711
0.10203719139099121
0.8052527904510498
0.3054008483886719
0.19544696807861328
0.20414352416992188
0.09067273139953613
0.16371703147888184
0.04029703140258789
0.09958481788635254
0.01722884178161621
0.13325762748718262
0.027510881423950195
0.08799123764038086
0.06047344207763672
2.201087713241577
0.01605510711669922
0.10915350914001465
0.06717705726623535
0.13236308097839355
0.01839590072631836
0.5714921951293945
0.08169174194335938
0.16808271408081055
0.3762190341949463
0.06800389289855957
0.033147573471069336
0.12269139289855957
0.03037285804748535
0.0971076488494873
0.8652679920196533
0.10918354988098145
0.5828752517700195
0.15595364570617676
0.014406204223632812
0.15743637084960938
0.1306900978088379
0.05095386505126953
0.07342267036437988
0.03602266311645508
0.05917978286743164
0.07437777519226074
0.0721745491027832
0.0568995475769043
0.09064865112304688
0.28889012336730957
0.1035776138305664
0.2963738441467285
0.08785724639892578
0.12292170524597168
0.08223509788513184
0.2861766815185547
0.15260910987854004
0.08011865615844727
0.0700521469116211
0.0979912281036377
0.11113691329956055
0.0188906192779541
0.37824487686157227
0.14386248588562012
0.354733943939209
0.10150718688964844
0.08543562889099121
0.07266378402709961
0.11577320098876953
0.14710497856140137
0.06113123893737793
0.18375611305236816
0.08447551727294922
0.09343910217285156
0.09661388397216797
0.04565930366516113
0.09420156478881836
0.08702635765075684
0.06934475898742676
0.5158116817474365
0.1871809959411621
0.09281802177429199
0.10426211357116699
0.01348733901977539
0.09317803382873535
0.20038580894470215
0.09819364547729492
0.43003034591674805
0.35688018798828125
0.14180564880371094
0.052393198013305664
0.3858606815338135
0.07671308517456055
0.05801224708557129
0.07298922538757324
0.2204577922821045
0.30446577072143555
0.255218505859375
0.1500840187072754
0.22835683822631836
0.08764767646789551
0.15624499320983887
0.024326324462890625
0.308168888092041
0.25472259521484375
0.03818249702453613
0.12664127349853516
0.352039098739624
0.1168520450592041
0.14072442054748535
0.11059761047363281
0.053864479064941406
0.06393313407897949
0.1311333179473877
0.802609920501709
0.03174018859863281
0.033098459243774414
0.11571931838989258
0.02007603645324707
0.09075212478637695
0.010482549667358398
0.06236410140991211
0.10505485534667969
0.21384787559509277
0.08008027076721191
0.0913994312286377
0.7772278785705566
0.30704832077026367
0.15987420082092285
0.02500748634338379
0.6588211059570312
1.4155328273773193
0.011242151260375977
0.031740427017211914
1.719667673110962
0.523226261138916
0.010754108428955078
0.8009252548217773
0.054640769958496094
0.7422730922698975
0.626467227935791
0.22413158416748047
0.03520631790161133
0.18836569786071777
0.4183206558227539
0.09759998321533203
0.017142057418823242
0.3288233280181885
0.10017800331115723
0.058048248291015625
0.23459434509277344
0.03366422653198242
0.042638540267944336
0.652716875076294
0.01638936996459961
0.02026963233947754
0.1688222885131836
0.07789897918701172
0.10552239418029785
0.27118873596191406
0.07486915588378906
0.21021318435668945
0.12617921829223633
0.056073665618896484
0.07522034645080566
0.20709609985351562
0.17549967765808105
0.039034366607666016
0.17775225639343262
0.06981563568115234
0.011353731155395508
0.3455779552459717
0.031248092651367188
0.10835123062133789
0.2515382766723633
0.058472394943237305
0.02033090591430664
0.18521499633789062
0.05261421203613281
0.049997806549072266
0.4993550777435303
0.1648120880126953
0.05755472183227539
0.08170485496520996
0.09871387481689453
0.19588446617126465
0.05286121368408203
0.050452232360839844
0.07448625564575195
0.17670702934265137
0.17139673233032227
0.09573745727539062
0.09527039527893066
0.06517219543457031
0.042826175689697266
0.017769813537597656
0.14494037628173828
0.05508899688720703
0.10627889633178711
0.11795735359191895
0.12293529510498047
0.6313376426696777
0.20050978660583496
0.12706422805786133
0.2696235179901123
0.2055060863494873
0.06891298294067383
0.1129770278930664
0.23508787155151367
0.0698082447052002
0.07736063003540039
0.11825752258300781
0.06475543975830078
0.061037302017211914
0.011934518814086914
0.10069680213928223
0.10350179672241211
0.3887641429901123
0.14478826522827148
0.13052749633789062
0.04907488822937012
0.043248653411865234
0.17554306983947754
0.08564639091491699
0.06505775451660156
0.05811595916748047
0.27168703079223633
0.4084968566894531
0.05032086372375488
0.09763813018798828
0.07040667533874512
0.09489178657531738
0.4700958728790283
0.09068846702575684
0.08670973777770996
0.012218236923217773
0.08327460289001465
0.07014274597167969
0.0494847297668457
0.04965996742248535
0.05497574806213379
0.22243237495422363
0.11434602737426758
0.13568854331970215
0.03444814682006836
0.02865147590637207
0.06953787803649902
0.1554405689239502
0.06738400459289551
0.09677767753601074
0.06100273132324219
0.0556640625
0.1775047779083252
0.0809943675994873
0.009396076202392578
0.5368261337280273
0.22865653038024902
0.039478302001953125
0.19181323051452637
0.09971117973327637
0.12479758262634277
0.06444168090820312
0.09617924690246582
0.1148676872253418
0.2899754047393799
0.07533621788024902
0.08190155029296875
0.11547279357910156
0.09531140327453613
0.198225736618042
0.06480050086975098
0.09783172607421875
0.05779886245727539
0.1925954818725586
0.0281217098236084
0.05877828598022461
0.10748457908630371
0.05978250503540039
0.018372535705566406
0.028472185134887695
0.13416671752929688
0.1685197353363037
0.5701174736022949
0.04148983955383301
0.014080524444580078
0.1373157501220703
0.058777809143066406
0.028371334075927734
0.2491161823272705
0.023102760314941406
0.018355131149291992
2.6671481132507324
0.2098386287689209
0.08408904075622559
0.06657600402832031
0.14322757720947266
0.0728597640991211
0.05726146697998047
0.019645214080810547
0.046715736389160156
0.07610392570495605
0.8516476154327393
0.36055874824523926
0.07393407821655273
0.07652044296264648
0.38515377044677734
0.08165311813354492
0.035468101501464844
0.07190251350402832
0.3474726676940918
0.016727924346923828
0.04812908172607422
0.10720086097717285
0.04472494125366211
0.287825345993042
0.03235340118408203
0.07382416725158691
0.0639951229095459
0.12768268585205078
0.09796881675720215
0.07230710983276367
0.08683252334594727
0.16129374504089355
0.10689473152160645
0.017054319381713867
0.049147605895996094
0.046156883239746094
0.06689763069152832
0.07358002662658691
0.02089381217956543
0.0491032600402832
0.10819172859191895
0.06910490989685059
0.0419769287109375
0.10629749298095703
0.010957002639770508
0.07746171951293945
0.09503579139709473
0.03859519958496094
0.05982160568237305
0.05021333694458008
0.040781497955322266
0.6672000885009766
0.14851713180541992
0.13213133811950684
0.03995084762573242
0.05447721481323242
0.09970283508300781
0.018221616744995117
0.06881999969482422
0.03861379623413086
0.023993253707885742
0.6292963027954102
0.07195210456848145
0.4308583736419678
0.09811544418334961
0.009796619415283203
0.14888262748718262
0.013361215591430664
0.019896984100341797
0.041606903076171875
0.5391900539398193
0.35283374786376953
0.17571449279785156
0.23222041130065918
0.3128020763397217
0.37827396392822266
0.33762669563293457
0.057234764099121094
0.02872323989868164
0.11675024032592773
0.13634014129638672
0.04004859924316406
0.07907819747924805
0.02164149284362793
0.02962470054626465
0.33159494400024414
0.17776012420654297
0.09700489044189453
0.23448872566223145
0.21046233177185059
0.038217782974243164
0.10131025314331055
0.05364203453063965
0.11361932754516602
0.07334780693054199
0.25343871116638184
0.015244245529174805
0.043718814849853516
0.3879060745239258
0.08968400955200195
0.04996156692504883
0.05878853797912598
0.020780563354492188
平均：0.13860034132003785