0.03736090660095215
0.026452064514160156
0.010216474533081055
0.01343393325805664
0.021230220794677734
0.008424043655395508
0.010686635971069336
0.019516706466674805
0.010380029678344727
0.006890773773193359
0.00762176513671875
0.007567644119262695
0.023546934127807617
0.006384611129760742
0.006877899169921875
0.009160280227661133
0.012327432632446289
0.007146120071411133
0.0067102909088134766
0.007779598236083984
0.008284568786621094
0.0074367523193359375
0.005772829055786133
0.01709151268005371
0.0065135955810546875
0.019316911697387695
0.0072154998779296875
0.010573148727416992
0.007063150405883789
0.014888763427734375
0.022430419921875
0.008777856826782227
0.0066375732421875
0.01455545425415039
0.04509425163269043
0.006865978240966797
0.0066089630126953125
0.006484270095825195
0.009983539581298828
0.010336160659790039
0.022459745407104492
0.008710145950317383
0.007252931594848633
0.007971048355102539
0.006057024002075195
0.006841421127319336
0.008810043334960938
0.017379283905029297
0.006879568099975586
0.0075473785400390625
0.00661468505859375
0.0061473846435546875
0.00970458984375
0.006163120269775391
0.011737346649169922
0.008140802383422852
0.008767843246459961
0.010453939437866211
0.02008676528930664
0.009372949600219727
0.006826162338256836
0.007819652557373047
0.0061376094818115234
0.013924837112426758
0.005368471145629883
0.0105743408203125
0.005995988845825195
0.007050037384033203
0.01139688491821289
0.011561393737792969
0.007685184478759766
0.022934913635253906
0.007524251937866211
0.016196727752685547
0.010618209838867188
0.014729499816894531
0.008572578430175781
0.03435540199279785
0.007875204086303711
0.010527610778808594
0.005476713180541992
0.007691621780395508
0.008097648620605469
0.006125688552856445
0.012447595596313477
0.007273674011230469
0.02408885955810547
0.009705066680908203
0.0069675445556640625
0.0059926509857177734
0.018200397491455078
0.015359640121459961
0.050040245056152344
0.031143903732299805
0.010614633560180664
0.014332294464111328
0.009344816207885742
0.01224064826965332
0.013515233993530273
0.0077419281005859375
0.0054950714111328125
0.011482477188110352
0.008272409439086914
0.0363459587097168
0.052997589111328125
0.006169795989990234
0.007627248764038086
0.00961923599243164
0.00738072395324707
0.0076410770416259766
0.006125211715698242
0.007339000701904297
0.007418632507324219
0.009544610977172852
0.014141559600830078
0.026464223861694336
0.07166481018066406
0.01460123062133789
0.006269693374633789
0.007889509201049805
0.02647709846496582
0.011394977569580078
0.006010293960571289
0.013600826263427734
0.008529901504516602
0.006565093994140625
0.014928579330444336
0.007464170455932617
0.007046937942504883
0.00762629508972168
0.02365875244140625
0.029840469360351562
0.006279945373535156
0.019764423370361328
0.009668111801147461
0.015528678894042969
0.0070264339447021484
0.008146047592163086
0.003868579864501953
0.009224176406860352
0.008134603500366211
0.021565675735473633
0.007269382476806641
0.005995035171508789
0.006546974182128906
0.011744976043701172
0.008157014846801758
0.009745359420776367
0.010174274444580078
0.006998538970947266
0.006886959075927734
0.0064618587493896484
0.005442619323730469
0.006795406341552734
0.01212310791015625
0.014171600341796875
0.01174163818359375
0.00837254524230957
0.00637507438659668
0.014002561569213867
0.007004976272583008
0.018817663192749023
0.010738611221313477
0.007458686828613281
0.018060684204101562
0.0050394535064697266
0.007651567459106445
0.026044368743896484
0.00831913948059082
0.005891323089599609
0.02643275260925293
0.023487091064453125
0.00520777702331543
0.006284236907958984
0.040869712829589844
0.0037441253662109375
0.015197992324829102
0.005537986755371094
0.006054401397705078
0.007315874099731445
0.004793643951416016
0.011827945709228516
0.0059740543365478516
0.008788824081420898
0.006834268569946289
0.019782304763793945
0.008464574813842773
0.011787652969360352
0.005803108215332031
0.03311324119567871
0.007956743240356445
0.011745214462280273
0.012230396270751953
0.011373281478881836
0.021027803421020508
0.00616908073425293
0.010381221771240234
0.00939321517944336
0.013806343078613281
0.006642580032348633
0.030195951461791992
0.00583195686340332
0.0061397552490234375
0.006801128387451172
0.018341541290283203
0.027865886688232422
0.006813526153564453
0.006122112274169922
0.008397579193115234
0.011251449584960938
0.006876945495605469
0.007119178771972656
0.015053272247314453
0.01206827163696289
0.009134769439697266
0.017141342163085938
0.009535789489746094
0.006935596466064453
0.008308649063110352
0.007582426071166992
0.00751948356628418
0.010750293731689453
0.006890535354614258
0.015619754791259766
0.005792856216430664
0.006476879119873047
0.005391597747802734
0.04539608955383301
0.008637666702270508
0.04176497459411621
0.021204471588134766
0.01116633415222168
0.01780867576599121
0.02715301513671875
0.010488748550415039
0.006137847900390625
0.0072345733642578125
0.00758814811706543
0.025346040725708008
0.0068280696868896484
0.0062100887298583984
0.008957147598266602
0.008263826370239258
0.008104801177978516
0.006794929504394531
0.016186952590942383
0.00977182388305664
0.015523910522460938
0.009770631790161133
0.009113311767578125
0.013676643371582031
0.015976905822753906
0.01909780502319336
0.009824275970458984
0.00723719596862793
0.008367776870727539
0.012281417846679688
0.007598161697387695
0.01273798942565918
0.015014410018920898
0.007329702377319336
0.006038665771484375
0.06327986717224121
0.016453981399536133
0.007166624069213867
0.03629755973815918
0.04621148109436035
0.05559897422790527
0.020305156707763672
0.05716228485107422
0.007643222808837891
0.006278276443481445
0.012234687805175781
0.04792928695678711
0.04474472999572754
0.030850648880004883
0.02305912971496582
0.007845163345336914
0.01900649070739746
0.023396015167236328
0.023736000061035156
0.015563011169433594
0.008615732192993164
0.0073089599609375
0.006137371063232422
0.026094675064086914
0.007376670837402344
0.008048534393310547
0.007962226867675781
0.01097416877746582
0.009782791137695312
0.008087158203125
0.013016462326049805
0.012525081634521484
0.009844303131103516
0.022994518280029297
0.011087894439697266
0.00788736343383789
0.008525848388671875
0.011563539505004883
0.010492324829101562
0.007727384567260742
0.008513450622558594
0.00711369514465332
0.0075397491455078125
0.018767833709716797
0.010533809661865234
0.027230501174926758
0.013783693313598633
0.01754474639892578
0.007540702819824219
0.006546974182128906
0.0075321197509765625
0.007945060729980469
0.010513782501220703
0.006422281265258789
0.012174606323242188
0.008537530899047852
0.006589651107788086
0.012577295303344727
0.0069751739501953125
0.00831151008605957
0.019533872604370117
0.007529497146606445
0.006434202194213867
0.007523536682128906
0.010576009750366211
0.007561683654785156
0.008521795272827148
0.0058901309967041016
0.0067942142486572266
0.00675201416015625
0.006122112274169922
0.006815910339355469
0.011803388595581055
0.005010366439819336
0.006469011306762695
0.009484291076660156
0.008129596710205078
0.01062917709350586
0.007140159606933594
0.015521526336669922
0.025074005126953125
0.007692098617553711
0.008020639419555664
0.0062601566314697266
0.00943756103515625
0.00978541374206543
0.010539054870605469
0.009114265441894531
0.007142543792724609
0.005881071090698242
0.005733966827392578
0.008484125137329102
0.00687718391418457
0.0047228336334228516
0.013018608093261719
0.018836021423339844
0.03136301040649414
0.008925199508666992
0.018735170364379883
0.006016254425048828
0.014347314834594727
0.006994485855102539
0.011281728744506836
0.02636885643005371
0.00614476203918457
0.015335559844970703
0.007589101791381836
0.005927085876464844
0.015244483947753906
0.00687408447265625
0.008865118026733398
0.01048421859741211
0.014690399169921875
0.0067784786224365234
0.0071258544921875
0.0066912174224853516
0.0060961246490478516
0.02918243408203125
0.01652669906616211
0.007128715515136719
0.01657414436340332
0.024881362915039062
0.01481175422668457
0.020261764526367188
0.007905244827270508
0.009701967239379883
0.010815620422363281
0.01078033447265625
0.0064182281494140625
0.009075164794921875
0.02117466926574707
0.013208627700805664
0.006730318069458008
0.010363340377807617
0.006457090377807617
0.007056713104248047
0.01626300811767578
0.015088319778442383
0.012655258178710938
0.006891965866088867
0.007607221603393555
0.005885601043701172
0.0068628787994384766
0.008507966995239258
0.0093994140625
0.015714168548583984
0.005498170852661133
0.010283946990966797
0.007138252258300781
0.023489713668823242
0.007963180541992188
0.008885622024536133
0.041120290756225586
0.017093420028686523
0.011864185333251953
0.0055429935455322266
0.011752128601074219
0.008585691452026367
0.04669833183288574
0.007884502410888672
0.0065593719482421875
0.005774021148681641
0.013604402542114258
0.015838146209716797
0.012066841125488281
0.010841131210327148
0.019025802612304688
0.005466461181640625
0.005921363830566406
0.005712032318115234
0.0054438114166259766
0.008584022521972656
0.0067479610443115234
0.006730318069458008
0.01749444007873535
0.006658792495727539
0.0068247318267822266
0.011924982070922852
0.020650386810302734
0.008388996124267578
0.00835871696472168
0.00977182388305664
0.007395505905151367
0.007032632827758789
0.006109952926635742
0.011990547180175781
0.007322549819946289
0.010584115982055664
0.0178225040435791
0.017322778701782227
0.019968271255493164
0.012655019760131836
0.010460376739501953
0.011623144149780273
0.006527423858642578
0.008838891983032227
0.020522117614746094
0.011463403701782227
0.01712775230407715
0.006510496139526367
0.0062143802642822266
0.009889841079711914
0.008899688720703125
0.01744389533996582
0.01410984992980957
0.01167750358581543
0.0061168670654296875
0.01745128631591797
0.006942033767700195
0.004853725433349609
0.008211851119995117
0.008633613586425781
0.010437965393066406
0.0099334716796875
0.009392499923706055
0.008875131607055664
0.0071451663970947266
0.020424842834472656
0.006459712982177734
0.00834512710571289
0.01265263557434082
0.012674570083618164
0.015378475189208984
0.04208207130432129
0.008605718612670898
0.009079933166503906
0.006939411163330078
0.0076220035552978516
0.026402950286865234
0.03271961212158203
0.0067958831787109375
0.0152435302734375
0.0115509033203125
0.009652376174926758
0.007554054260253906
0.013705015182495117
0.011308908462524414
0.015297412872314453
0.016497373580932617
0.06589221954345703
0.013399362564086914
0.05628252029418945
0.023563146591186523
0.013611078262329102
0.012544631958007812
0.016941070556640625
0.009949922561645508
0.011523723602294922
0.008382081985473633
0.011249303817749023
0.014693498611450195
0.011089086532592773
0.03248476982116699
0.01872873306274414
0.011624813079833984
0.00827646255493164
0.00865030288696289
0.009029150009155273
0.006815910339355469
0.01571798324584961
0.008798599243164062
0.005987644195556641
0.00750422477722168
0.017984867095947266
0.025150537490844727
0.009171724319458008
0.009500265121459961
0.010839462280273438
0.011275529861450195
0.00898289680480957
0.006470918655395508
0.007596492767333984
0.006751298904418945
0.012419462203979492
0.008514165878295898
0.023699522018432617
0.014946222305297852
0.018845796585083008
0.035317182540893555
0.007296323776245117
0.007864236831665039
0.00690007209777832
0.006210803985595703
0.01741194725036621
0.004660367965698242
0.007730007171630859
0.006466388702392578
0.0059814453125
0.008502006530761719
0.011934280395507812
0.03224897384643555
0.016135692596435547
0.0587153434753418
0.00578618049621582
0.0060617923736572266
0.0063936710357666016
0.006422519683837891
0.007310390472412109
0.013045787811279297
0.005278825759887695
0.012471675872802734
0.005778312683105469
0.007019996643066406
0.006831645965576172
0.0069463253021240234
0.011677026748657227
0.007044553756713867
0.005578279495239258
0.008472442626953125
0.008213043212890625
0.0071680545806884766
0.00838470458984375
0.008426904678344727
0.010076045989990234
0.0072154998779296875
0.006730794906616211
0.015135049819946289
0.0066606998443603516
0.006081581115722656
0.006491184234619141
0.007570743560791016
0.010258913040161133
0.005875825881958008
0.016993284225463867
0.006531715393066406
0.006769895553588867
0.006232023239135742
0.0072422027587890625
0.00604557991027832
0.009679555892944336
0.016886234283447266
0.005918264389038086
0.00798797607421875
0.006667375564575195
0.014632701873779297
0.007071256637573242
0.017598390579223633
0.01476430892944336
0.010450124740600586
0.006178855895996094
0.008575439453125
0.0482938289642334
0.012418508529663086
0.02827286720275879
0.009642839431762695
0.007060050964355469
0.0073223114013671875
0.0063288211822509766
0.005854129791259766
0.0201108455657959
0.009262800216674805
0.013508319854736328
0.0072765350341796875
0.007631778717041016
0.007879257202148438
0.01873040199279785
0.006839752197265625
0.015306234359741211
0.009546279907226562
0.007494211196899414
0.006312847137451172
0.007884740829467773
0.01048421859741211
0.005911350250244141
0.014691352844238281
0.005859375
0.0073833465576171875
0.0070497989654541016
0.005131244659423828
0.007798671722412109
0.00673222541809082
0.007733821868896484
0.0074880123138427734
0.006941556930541992
0.0059893131256103516
0.005969047546386719
0.01858353614807129
0.007484912872314453
0.014836311340332031
0.00616765022277832
0.00841522216796875
0.00787043571472168
0.008157968521118164
0.018311023712158203
0.008783578872680664
0.023272991180419922
0.011160612106323242
0.005968809127807617
0.003994464874267578
0.009935617446899414
0.006609201431274414
0.018827438354492188
0.006858348846435547
0.006737232208251953
0.007002115249633789
0.006697893142700195
0.01152348518371582
0.006386280059814453
0.018264293670654297
0.006598472595214844
0.0067005157470703125
0.003999233245849609
0.049282073974609375
0.014528751373291016
0.0072040557861328125
0.00715947151184082
0.005846500396728516
0.01679825782775879
0.008065462112426758
0.00874638557434082
0.012404680252075195
0.005760669708251953
0.006101369857788086
0.009272098541259766
0.011125802993774414
0.008621692657470703
0.010219335556030273
0.007695198059082031
0.006003141403198242
0.007843732833862305
0.007826805114746094
0.005860090255737305
0.009704828262329102
0.019513845443725586
0.009380340576171875
0.022588014602661133
0.01232290267944336
0.056478023529052734
0.006535530090332031
0.015200376510620117
0.0062711238861083984
0.021551847457885742
0.009499549865722656
0.006894350051879883
0.009859323501586914
0.010465145111083984
0.0390019416809082
0.01656961441040039
0.012059926986694336
0.0745089054107666
0.043817996978759766
0.01477193832397461
0.008378744125366211
0.009703636169433594
0.010084152221679688
0.009048700332641602
0.006379127502441406
0.00806283950805664
0.009389877319335938
0.011687278747558594
0.007296085357666016
0.013436555862426758
0.007387638092041016
0.007296085357666016
0.006322622299194336
0.017606019973754883
0.049057722091674805
0.008399009704589844
0.007338285446166992
0.016306161880493164
0.00737452507019043
0.009913444519042969
0.03281545639038086
0.04834246635437012
0.03804922103881836
0.10735559463500977
0.020188093185424805
0.03679180145263672
0.017154216766357422
0.0206754207611084
0.011530876159667969
0.010084867477416992
0.01918625831604004
0.010108232498168945
0.01444697380065918
0.014979839324951172
0.04733729362487793
0.008222103118896484
0.009072542190551758
0.008389472961425781
0.008522748947143555
0.012002706527709961
0.01006174087524414
0.01034092903137207
0.015926361083984375
0.013255119323730469
0.01191854476928711
0.015903234481811523
0.012906789779663086
0.0171048641204834
0.009444713592529297
0.008770942687988281
0.00910806655883789
0.008333683013916016
0.011768817901611328
0.01453089714050293
0.008390665054321289
0.00898885726928711
0.013932228088378906
0.01110529899597168
0.09862923622131348
0.009520292282104492
0.012479305267333984
0.012136220932006836
0.012953996658325195
0.021584510803222656
0.018758296966552734
0.01198434829711914
0.03882241249084473
0.018337726593017578
0.022424697875976562
0.011583089828491211
0.013359785079956055
0.021816015243530273
0.03871321678161621
0.007939577102661133
0.0056438446044921875
0.013908147811889648
0.08029770851135254
0.020316123962402344
0.03540921211242676
0.01232767105102539
0.012417793273925781
0.011866092681884766
0.02227640151977539
0.013503789901733398
0.03399991989135742
0.018398523330688477
0.015100955963134766
0.011371612548828125
0.012655973434448242
0.009385824203491211
0.014397621154785156
0.009991645812988281
0.00894927978515625
0.007608175277709961
0.009128808975219727
0.03992271423339844
0.008672714233398438
0.010497093200683594
0.00784158706665039
0.016835927963256836
0.006931781768798828
0.021828174591064453
0.00939488410949707
0.013649463653564453
0.02490830421447754
0.022667407989501953
0.009990215301513672
0.008985042572021484
0.009340763092041016
0.03306889533996582
0.011368989944458008
0.0081024169921875
0.008450031280517578
0.03622841835021973
0.016947031021118164
0.011232137680053711
0.009010553359985352
0.018691539764404297
0.009562253952026367
0.024687767028808594
0.0077190399169921875
0.014954566955566406
0.022868871688842773
0.011795282363891602
0.025921106338500977
0.008014202117919922
0.029017925262451172
0.010934591293334961
0.01192784309387207
0.009427309036254883
0.015383243560791016
0.015006542205810547
0.02231311798095703
0.008991479873657227
0.009577274322509766
0.009644508361816406
0.013587474822998047
0.016563892364501953
0.0207061767578125
0.009479284286499023
0.017951250076293945
0.0103912353515625
0.025259017944335938
0.012709617614746094
0.010354995727539062
0.0289156436920166
0.02647709846496582
0.009292840957641602
0.009840726852416992
0.018121719360351562
0.009765625
0.01671457290649414
0.0096282958984375
0.008707523345947266
0.009677648544311523
0.014765501022338867
0.04623150825500488
0.016881465911865234
0.05858802795410156
0.03682136535644531
0.01726055145263672
0.01252436637878418
0.05282092094421387
0.014115571975708008
0.009075164794921875
0.00851893424987793
0.016120433807373047
0.015465497970581055
0.02103447914123535
0.011463165283203125
0.008690118789672852
0.011357545852661133
0.01024627685546875
0.01647043228149414
0.007845163345336914
0.007331132888793945
0.008957147598266602
0.01988530158996582
0.014768362045288086
0.015269756317138672
0.00783538818359375
0.011712789535522461
0.020130395889282227
0.0071222782135009766
0.006157875061035156
0.015555858612060547
0.011627435684204102
0.007995128631591797
0.011531352996826172
0.022267580032348633
0.016825437545776367
0.010062217712402344
0.008090972900390625
0.014490842819213867
0.016933441162109375
0.011394023895263672
0.00969386100769043
0.010031938552856445
0.009843826293945312
0.010716676712036133
0.015006065368652344
0.012157440185546875
0.02955794334411621
0.01374959945678711
0.011385679244995117
0.01588606834411621
0.009784221649169922
0.008400678634643555
0.016967058181762695
0.03661036491394043
0.013732433319091797
0.013383626937866211
0.01957869529724121
0.008853673934936523
0.028673648834228516
0.03100299835205078
0.009411096572875977
0.014308691024780273
0.010258674621582031
0.02130889892578125
0.009096622467041016
0.006161928176879883
0.008698225021362305
0.017395734786987305
0.00644993782043457
0.0309445858001709
0.008278846740722656
0.08370590209960938
0.0070917606353759766
0.008457183837890625
0.011776208877563477
0.01494908332824707
0.012618303298950195
0.007444143295288086
0.019060850143432617
0.011840581893920898
0.01281118392944336
0.014445066452026367
0.023879051208496094
0.022946834564208984
0.026735544204711914
0.013209342956542969
0.011490821838378906
0.03132510185241699
0.018018722534179688
0.0367283821105957
0.0075304508209228516
0.01205587387084961
0.009437799453735352
0.009498119354248047
0.005866050720214844
0.015663623809814453
0.009562492370605469
0.009178638458251953
0.010943174362182617
0.007155656814575195
0.0059702396392822266
0.018863439559936523
0.01990509033203125
0.007342815399169922
0.01146554946899414
0.009684085845947266
0.012141704559326172
0.03437232971191406
0.02367377281188965
0.011513471603393555
0.011810064315795898
0.02191901206970215
0.009152412414550781
0.008185386657714844
0.015357732772827148
0.011574745178222656
0.04604172706604004
0.007866382598876953
0.0077381134033203125
0.006266355514526367
0.006676435470581055
0.021214723587036133
0.006913900375366211
0.0066754817962646484
0.006230354309082031
0.01112818717956543
0.014447212219238281
0.011599302291870117
0.007414102554321289
0.0071451663970947266
0.007575273513793945
0.006167888641357422
0.015900850296020508
0.007611751556396484
0.007657289505004883
0.009917497634887695
0.0077021121978759766
0.006606340408325195
0.0078008174896240234
0.011390209197998047
平均：0.013464313745498658